1545
1685
1685
50
370
370
1330
10
20
15
45
2135
90
90
555
230
230
130
130
600
600
370
370
1070
30
600
600
810
100
25
480
480
440
45
810
290
290
10
320
320
20
475
1795
1795
800
970
970
280
375
250
250
1615
1615
385
385
625
55
300
300
590
590
420
420
1135
1135
545
410
105
105
320
320
20
810
810
585
165
165
1175
1280
1620
70
1135
215
215
970
1440
1440
1485
1485
700
220
220
860
860
735
735
535
535
2855
90
90
1445
715
165
165
60
60
620
620
1155
20
375
375
1805
1805
905
905
525
525
725
725
1245
1245
570
570
70
70
265
265
180
180
895
895
1345
810
875
485
485
460
75
5
2180
600
520
935
255
55
915
190
25
590
155
605
770
575
255
1065
5
10
1570
145
50
55
1750
365
260
805
345
285
15
505
1005
165
1450
995
135
835
535
70
55
325
15
860
5
155
405
1295
285
185
385
470
70
130
40
1515
480
2650
875
105
45
2530
320
380
375
25
140
30
690
220
1195
555
280
30
50
10
1200
785
2065
60
180
1385
640
1765
825
2070
45
505
855
85
430
10
30
1630
115
30
235
1100
1075
120
1325
375
2180
625
1425
530
10
40
195
2290
770
2530
65
145
1315
385
940
1490
215
55
315
375
150
345
500
620
30
100
745
585
1035
905
125
1135
1310
40
575
3280
765
2045
1900
325
1755
195
1400
280
745
1820
310
15
1480
20
820
1765
3395
3695
2765
4860
1355
2340
185
315
345
1430
40
385
5
200
215
3490
2200
10
2365
25
965
1275
1115
185
725
370
595
970
520
395
750
2530
11410
9930
7685
345
65
