2850
1545
1685
1685
50
370
370
1330
10
20
15
45
2135
90
90
555
230
230
130
130
600
600
370
370
1070
30
600
600
810
100
25
480
480
440
45
810
290
290
10
320
320
20
475
1795
1795
800
970
970
280
375
250
250
1615
1615
385
385
625
55
300
300
590
590
420
420
1135
1135
545
410
105
105
320
320
20
810
810
585
165
165
1175
1280
1620
70
1135
215
215
970
1440
1440
1485
1485
700
220
220
860
860
735
735
535
535
2855
90
90
1445
715
165
165
60
60
620
620
1155
20
375
375
1805
1805
905
905
525
525
725
725
1245
1245
570
570
70
70
265
265
180
180
895
895
1345
810
875
485
485
460
75
5
2180
600
520
935
255
55
915
190
25
590
155
605
770
575
255
1065
5
10
1570
145
50
55
1750
365
260
805
345
285
15
505
1005
165
1450
995
135
835
535
70
55
325
15
860
5
155
405
1295
