165	165
165	165
1175	1175
1280	1280
1620	1620
70	70
1135	1135
215	215
215	215
970	970
1440	1440
1440	1440
1485	1485
1485	1485
700	700
220	220
220	220
860	860
860	860
735	735
735	735
535	535
535	535
2855	2855
90	90
90	90
1445	1445
715	715
165	165
165	165
60	60
60	60
620	620
620	620
1155	1155
20	20
375	375
375	375
1805	1805
1805	1805
905	905
905	905
525	525
525	525
725	725
725	725
1245	1245
1245	1245
570	570
570	570
70	70
70	70
265	265
265	265
180	180
180	180
895	895
895	895
1345	1345
810	810
875	875
485	485
485	485
460	460
75	75
5	5
2180	2180
600	600
520	520
935	935
255	255
55	55
915	915
190	190
25	25
590	590
155	155
605	605
770	770
575	575
255	255
1065	1065
5	5
10	10
1570	1570
145	145
50	50
55	55
1750	1750
365	365
260	260
805	805
345	345
285	285
15	15
505	505
1005	1005
165	165
1450	1450
995	995
135	135
835	835
535	535
70	70
55	55
325	325
15	15
860	860
5	5
155	155
405	405
1295	1295
285	285
185	185
385	385
470	470
70	70
130	130
40	40
1515	1515
480	480
2650	2650
875	875
105	105
45	45
2530	2530
320	320
380	380
375	375
25	25
140	140
30	30
690	690
220	220
1195	1195
555	555
280	280
30	30
50	50
10	10
1200	1200
785	785
2065	2065
60	60
180	180
1385	1385
640	640
1765	1765
825	825
2070	2070
45	45
505	505
855	855
85	85
430	430
10	10
30	30
1630	1630
115	115
30	30
235	235
1100	1100
1075	1075
120	120
1325	1325
375	375
2180	2180
625	625
1425	1425
530	530
10	10
40	40
195	195
2290	2290
770	770
2530	2530
65	65
145	145
1315	1315
385	385
940	940
1490	1490
215	215
55	55
315	315
375	375
150	150
345	345
500	500
620	620
30	30
100	100
745	745
585	585
1035	1035
905	905
125	125
1135	1135
1310	1310
40	40
575	575
3280	3280
765	765
2045	2045
1900	1900
325	325
1755	1755
195	195
1400	1400
280	280
745	745
1820	1820
310	310
15	15
1480	1480
20	20
820	820
1765	1765
3395	3395
3695	3695
2765	2765
4860	4860
1355	1355
2340	2340
185	694.583333333333
315	
345	
1430	
40	
385	
5	
200	
215	
3490	
2200	
10	
2365	
25	
965	
1275	
1115	
185	
725	
370	
595	
970	
520	
395	
750	
2530	
11410	
